1 782.227 959.548
2 842.186 73.693
3 955.362 869.457
4 85.15 911.966
5 468.893 813.74
6 818.235 914.696
7 581.181 887.13
8 758.54 359.987
9 61.018 178.811
10 939.256 868.262
11 673.874 322.326
12 380.097 395.63
13 759.058 699.173
14 145.617 553.582
15 851.294 97.731
16 686.093 563.585
17 747.401 104.229
18 513.829 264.929
19 797.416 499.725
20 504.985 187.443
21 477.165 503.557
22 501.793 436.122
23 617.334 753.672
24 230.554 642.674
25 55.735 938.456
26 853.025 93.294
27 456.695 382.954
28 125.204 965.848
29 760.868 196.475
30 172.298 611.983
31 682.606 473.774
32 909.046 672.175
33 956.202 777.03
34 674.705 859.253
35 244.338 874.055
36 732.82 414.946
37 264.725 734.383
38 621.839 744.979
39 309.043 968.394
40 865.255 592.758
41 410.762 814.213
42 6.984 8.373
43 923.115 24.207
44 395.42 744.643
45 655.53 676.835
46 701.028 953.767
47 829.057 170.74
48 623.968 806.221
49 876.026 989.826
50 643.144 45.526
51 293.466 304.967
52 297.28 577.543
53 620.33 271.953
54 806.922 962.24
55 995.763 969.685
56 72.647 641.661
57 815.717 470.549
58 20.145 934.395
59 412.066 507.9
60 974.498 273.923
61 949.952 629.135
62 468.732 360.334
63 452.756 376.609
64 865.761 478.863
65 195.286 577.14
66 781.484 839.233
67 738.815 718.326
68 855.696 542.124
69 63.947 82.58
70 51.587 567.053
71 845.857 386.405
72 914.944 150.516
73 132.089 819.684
74 735.05 49.496
75 509.281 612.457
76 312.136 587.814
77 121.529 658.231
78 916.097 105.879
79 334.229 302.739
80 16.94 436.477
81 566.097 353.97
82 341.239 481.241
83 483.791 282.948
84 139.697 113.473
85 143.359 26.071
86 427.72 624.301
87 877.136 93.28
88 217.855 164.547
89 56.837 442.684
90 69.232 28.498
91 831.948 742.923
92 874.314 130.991
93 461.794 940.672
94 500.46 68.304
95 600.012 210.486
96 286.504 675.839
97 744.355 734.116
98 556.756 265.012
99 115.529 119.835
100 121.433 4.422
101 324.177 171.611
102 941.729 733.518
103 802.725 708.06
104 294.737 646.988
105 906.728 725.098
106 662.697 25.063
107 340.543 905.184
108 37.12 866.784
109 113.147 518.766
110 22.403 648.862
111 504.587 265.617
112 876.878 858.129
113 183.142 256.822
114 79.624 651.33
115 219.188 755.392
116 720.845 867.375
117 597.742 778.669
118 716.157 380.108
119 381.775 158.086
120 255.159 152.425
121 882.63 449.655
122 376.139 496.087
123 2.989 171.796
124 609.68 575.962
125 137.234 550.516
126 95.204 146.039
127 598.743 627.088
128 4.677 762.466
129 647.05 543.536
130 335.575 134.615
131 840.027 208.25
132 88.926 278.7
133 763.431 801.273
134 15.273 517.315
135 666.871 507.14
136 134.695 25.179
137 750.787 145.841
138 161.292 594.74
139 328.696 113.991
140 922.978 210.173
141 919.416 748.922
142 945.747 24.401
143 339.811 661.617
144 35.034 91.46
145 37.971 692.528
146 179.716 600.385
147 972.816 753.006
148 385.11 272.171
149 636.349 783.928
150 285.233 274.92
151 746.174 316.458
152 499.516 865.571
153 372.045 547.972
154 581.668 34.827
155 949.244 968.769
156 763.507 294.062
157 732.534 796.077
158 230.955 65.61
159 486.526 743.877
160 825.087 645.534
161 559.404 106.015
162 410.437 722.267
163 809.371 465.055
164 220.363 656.625
165 929.221 646.078
166 534.588 286.248
167 753.917 197.268
168 606.495 485.08
169 205.759 264.521
170 27.973 415.293
171 725.184 3.789
172 373.097 469.821
173 851.56 846.947
174 484.941 583.394
175 824.527 566.66
176 383.106 893.721
177 580.266 472.286
178 226.785 758.101
179 9.097 734.717
180 682.843 665.956
181 440.787 527.858
182 14.552 279.486
183 390.517 165.678
184 753.729 860.043
185 816.853 853.469
186 81.545 444.958
187 623.686 673.01
188 700.793 380.429
189 600.682 93.472
190 422.837 6.866
191 928.577 577.075
192 284.32 144.151
193 561.296 314.886
194 587.42 637.643
195 441.486 825.866
196 674.746 163.985
197 481.525 240.872
198 369.499 894.669
199 398.057 363.881
200 60.451 461.504
201 685.84 832.614
202 361.82 850.22
203 492.371 294.174
204 603.669 872.493
205 816.711 296.452
206 386.982 841.465
207 823.953 380.018
208 157.224 733.295
209 861.472 286.501
210 626.96 942.558
211 40.882 29.653
212 273.674 635.709
213 899.791 804.827
214 391.446 327.396
215 915.496 74.478
216 724.108 762.74
217 842.461 795.371
218 922.57 643.903
219 885.688 406.504
220 543.094 242.602
221 117.487 384.364
222 183.979 949.945
223 547.39 838.61
224 275.292 742.597
225 445.306 367.738
226 963.871 601.26
227 288.468 669.172
228 272.107 77.823
229 813.228 996.908
230 255.62 413.28
231 69.855 859.34
232 564.344 665.226
233 411.94 268.406
234 404.904 324.565
235 461.775 43.705
236 959.694 46.68
237 999.373 351.592
238 540.193 322.788
239 171.407 791.715
240 959.877 302.025
241 972.897 747.943
242 603.585 628.685
243 354.4 551.74
244 429.919 91.598
245 939.451 295.446
246 728.611 623.454
247 445.717 135.431
248 273.368 970.519
249 424.362 976.138
250 841.731 504.404
251 853.532 313.723
252 998.527 110.565
253 970.189 367.264
254 148.718 288.672
255 184.522 675.287
256 261.083 274.951
257 604.821 455.554
258 569.754 564.47
259 497.695 410.994
260 36.095 62.423
261 883.109 304.426
262 98.597 474.801
263 638.045 701.517
264 406.919 78.624
265 575.192 896.717
266 749.607 922.981
267 757.196 718.577
268 180.205 849.944
269 661.13 912.671
270 590.965 533.912
271 973.915 940.223
272 884.713 346.093
273 368.096 399.276
274 892.108 958.989
275 601.466 749.383
276 287.789 543.37
277 126.262 642.705
278 462.597 134.41
279 738.603 764.103
280 998.784 726.769
281 336.754 228.526
282 332.544 167.027
283 208.454 497.936
284 404.186 240.789
285 718.905 818.396
286 430.494 149.542
287 242.445 610.456
288 766.024 553.122
289 846.524 440.295
290 870.065 19.089
291 143.288 894.337
292 227.461 563.45
293 14.922 402.278
294 336.771 799.277
295 241.677 565.125
296 84.778 529.3
297 474.414 432.935
298 891.351 456.341
299 368.11 861.148
300 352.824 167.195
301 748.303 132.679
302 359.716 543.603
303 11.64 951.788
304 238.948 976.299
305 978.639 40.619
306 888.504 271.673
307 197.961 378.269
308 846.149 791.817
309 551.21 283.554
310 960.214 905.721
311 660.104 615.962
312 685.389 489.11
313 828.137 107.76
314 152.923 920.484
315 119.933 185.722
316 456.593 10.388
317 303.241 837.734
318 101.745 385.716
319 771.234 665.736
320 174.163 338.021
321 495.658 496.289
322 196.916 77.34
323 502.103 213.716
324 213.799 534.129
325 638.324 434.193
326 558.223 400.262
327 198.622 963.471
328 145.873 419.437
329 241.268 978.922
330 208.043 398.597
331 553.915 551.46
332 789.521 896.148
333 842.348 534.893
334 429.368 344.613
335 218.003 432.861
336 704.353 62.171
337 689.325 914.647
338 929.489 516.809
339 415.997 148.802
340 83.11 766.806
341 648.944 605.099
342 155.434 850.138
343 193.351 470.159
344 0.687 481.974
345 56.592 368.914
346 709.882 685.287
347 694.624 704.054
348 517.196 976.295
349 309.183 269.071
350 763.464 497.53
351 71.332 696.114
352 123.403 388.823
353 131.301 792.58
354 358.339 36.516
355 356.356 566.899
356 779.432 693.129
357 232.117 826.754
358 656.003 257.757
359 581.2 48.987
360 860.345 125.98
361 934.577 677.145
362 925.213 297.928
363 865.459 123.766
364 672.157 500.418
365 259.743 556.548
366 827.227 2.417
367 777.992 908.891
368 258.378 269.233
369 361.421 118.863
370 658.887 379.81
371 42.009 787.587
372 870.011 852.808
373 751.297 846.696
374 19.544 342.979
375 373.299 680.137
376 472.465 90.971
377 440.79 30.72
378 576.7 798.227
379 50.528 492.244
380 960.717 96.787
381 623.727 786.765
382 833.17 463.408
383 982.401 907.326
384 523.508 375.879
385 861.927 394.084
386 682.61 874.499
387 167.646 370.949
388 172.85 908.566
389 410.696 276.101
390 283.936 84.857
391 131.034 485.139
392 776.629 301.122
393 749.725 381.007
394 267.202 8.97
395 98.322 765.571
396 899.876 822.799
397 339.44 33.53
398 29.547 945.004
399 415.295 154.217
400 907.372 645.049
401 666.331 188.779
402 284.534 99.393
403 557.878 295.2
404 410.377 946.254
405 484.81 191.643
406 882.141 345.393
407 133.51 487.948
408 730.615 561.656
409 847.871 378.805
410 602.342 74.782
411 525.477 791.99
412 452.614 106.23
413 734.097 521.242
414 970.12 396.587
415 503.66 116.946
416 926.736 719.726
417 429.753 259.832
418 924.061 157.834
419 129.054 347.324
420 874.269 684.94
421 693.332 971.457
422 561.702 253.919
423 887.274 745.476
424 645.856 851.124
425 797.607 178.204
426 295.123 648.227
427 357.246 839.811
428 683.676 154.042
429 440.317 60.177
430 763.009 22.052
431 65.583 708.979
432 206.692 901.735
433 885.438 322.556
434 551.274 865.745
435 501.485 10.357
436 942.416 616.713
437 475.151 573.179
438 98.688 36.949
439 406.738 103.161
440 357.067 754.429
441 553.601 78.99
442 893.186 793.535
443 154.109 847.959
444 419.752 370.173
445 241.922 886.881
446 659.046 405.593
447 996.199 120.53
448 77.194 431.488
449 83.7 510.312
450 401.171 811.744
451 957.806 392.841
452 415.082 152.239
453 838.02 985.86
454 779.997 709.108
455 332.035 341.06
456 887.945 546.923
457 563.331 845.834
458 312.841 257.696
459 947.493 880.999
460 255.748 18.161
461 808.743 563.518
462 826.953 861.139
463 395.65 72.888
464 612.614 951.69
465 257.589 378.023
466 965.0 777.355
467 564.503 645.632
468 352.326 658.35
469 746.52 691.303
470 928.316 896.117
471 581.918 528.018
472 10.81 639.363
473 733.477 607.995
474 282.436 935.686
475 44.976 719.775
476 537.9 128.484
477 251.018 651.038
478 818.696 397.918
479 35.855 338.932
480 770.043 140.457
481 881.61 182.566
482 305.333 775.491
483 152.226 356.455
484 9.46 185.176
485 806.986 291.728
486 96.942 218.751
487 393.506 191.189
488 801.803 992.991
489 515.962 161.629
490 351.343 381.693
491 503.508 73.577
492 480.137 229.338
493 462.369 771.422
494 584.811 923.32
495 207.266 247.476
496 721.558 929.047
497 950.115 306.958
498 662.001 400.694
499 377.208 916.554
500 525.204 420.967
