1 553.205 579.565
2 598.076 689.345
3 432.212 249.997
4 143.002 963.364
5 744.742 893.082
6 110.161 674.673
7 123.216 549.209
8 369.095 549.828
9 889.041 611.572
10 125.37 562.572
11 243.062 474.36
12 227.106 770.336
13 739.659 67.93
14 453.366 444.468
15 560.459 117.815
16 414.929 480.46
17 998.612 947.441
18 159.167 53.101
19 667.946 421.314
20 265.661 989.785
21 705.423 214.516
22 281.638 710.63
23 469.876 740.647
24 393.922 739.06
25 589.893 874.93
26 192.481 848.641
27 172.315 735.969
28 397.375 358.578
29 602.566 109.711
30 943.018 672.375
31 161.308 138.435
32 85.866 972.761
33 352.467 403.028
34 386.285 989.53
35 131.407 88.464
36 881.715 851.073
37 883.22 974.685
38 925.363 179.653
39 380.596 254.721
40 92.546 528.433
41 330.549 843.619
42 30.822 739.087
43 793.291 784.948
44 811.445 809.361
45 528.227 31.635
46 305.692 417.907
47 462.886 907.101
48 734.794 309.308
49 412.28 594.658
50 922.959 773.154
51 568.963 962.9
52 530.964 396.976
53 471.196 898.85
54 657.154 411.487
55 61.755 361.629
56 27.668 41.163
57 91.087 181.871
58 104.617 810.732
59 477.593 82.951
60 572.704 164.855
61 792.097 809.793
62 796.671 636.946
63 216.796 445.821
64 540.069 301.438
65 432.964 133.956
66 929.784 635.678
67 969.449 261.018
68 382.221 504.487
69 312.395 764.41
70 876.15 982.571
71 123.667 446.689
72 513.424 342.76
73 670.935 857.256
74 913.24 818.22
75 912.929 954.191
76 348.957 599.6
77 178.084 951.716
78 611.812 676.496
79 649.448 147.354
80 267.988 581.173
81 498.076 821.621
82 532.508 437.702
83 493.268 441.187
84 419.811 824.827
85 897.453 522.729
86 71.182 523.765
87 616.493 912.601
88 39.543 690.948
89 958.761 251.955
90 334.052 229.632
91 68.512 937.529
92 822.293 360.702
93 40.332 638.868
94 624.227 205.309
95 122.289 154.524
96 910.117 490.202
97 438.051 708.302
98 733.62 97.82
99 385.224 823.651
100 52.935 393.717
101 85.198 498.745
102 945.631 285.976
103 568.081 241.416
104 576.839 608.626
105 90.157 573.594
106 911.523 125.832
107 245.523 309.798
108 67.406 950.858
109 569.68 743.953
110 137.538 941.644
111 945.221 807.363
112 886.448 169.394
113 932.109 174.161
114 386.406 538.972
115 870.744 45.551
116 701.338 317.135
117 890.723 903.46
118 316.821 387.283
119 949.305 833.919
120 13.973 326.305
121 291.182 37.259
122 568.122 857.559
123 259.812 142.59
124 82.682 205.083
125 582.753 885.56
126 572.869 134.601
127 432.743 262.94
128 967.749 882.734
129 267.711 280.305
130 520.548 295.147
131 721.081 660.0
132 738.953 16.474
133 35.312 291.958
134 535.056 720.419
135 755.973 809.086
136 276.415 114.688
137 688.52 155.861
138 394.025 436.789
139 313.315 563.95
140 43.204 543.598
141 921.992 521.987
142 563.368 730.059
143 702.003 330.187
144 393.239 712.758
145 451.096 319.511
146 883.421 248.812
147 476.284 886.458
148 537.973 827.239
149 273.699 40.832
150 203.343 346.975
151 236.739 487.317
152 898.427 465.465
153 734.44 66.708
154 841.46 943.844
155 447.959 647.136
156 442.659 382.778
157 877.338 844.191
158 468.958 232.293
159 378.778 814.403
160 918.858 733.623
161 925.094 841.821
162 659.241 24.14
163 130.128 92.642
164 877.938 13.501
165 314.548 959.628
166 359.746 766.824
167 972.62 193.335
168 369.768 430.249
169 70.646 992.139
170 162.439 63.268
171 149.478 87.161
172 740.068 282.853
173 329.462 905.178
174 659.726 369.718
175 495.867 356.879
176 395.867 40.395
177 839.745 436.096
178 12.83 955.444
179 666.202 13.926
180 274.166 62.006
181 567.861 39.322
182 896.934 71.761
183 730.059 59.916
184 866.031 21.799
185 3.356 982.216
186 317.508 590.131
187 763.797 134.756
188 333.579 908.078
189 62.6 582.19
190 178.388 950.259
191 911.839 299.146
192 243.633 353.971
193 585.549 441.551
194 899.629 661.538
195 247.965 492.616
196 334.055 336.248
197 556.981 215.025
198 31.199 394.731
199 881.142 612.007
200 319.437 860.356
201 873.348 778.814
202 445.512 184.991
203 409.016 59.982
204 511.015 146.386
205 24.933 52.977
206 577.867 273.597
207 578.6 960.274
208 775.604 787.831
209 699.064 76.591
210 634.864 495.162
211 845.851 793.568
212 190.248 308.886
213 617.629 753.548
214 784.481 649.529
215 420.939 908.916
216 444.496 681.168
217 515.946 966.237
218 720.87 7.163
219 240.28 830.575
220 491.113 782.287
221 738.051 303.737
222 303.356 72.263
223 828.262 18.387
224 437.739 45.846
225 940.64 907.311
226 257.627 406.357
227 390.779 735.082
228 178.175 304.328
229 843.19 839.833
230 521.782 569.381
231 122.651 148.467
232 843.447 148.59
233 514.982 400.278
234 424.898 215.325
235 533.757 352.901
236 687.618 38.463
237 172.413 33.004
238 229.486 707.569
239 983.464 294.566
240 225.148 592.95
241 380.134 287.399
242 557.001 130.606
243 430.347 613.558
244 1.885 1.293
245 701.917 89.532
246 65.168 207.575
247 111.575 712.164
248 482.276 327.132
249 228.637 841.44
250 262.08 553.325
251 376.6 686.612
252 901.953 656.561
253 830.316 965.992
254 135.093 317.798
255 65.532 308.853
256 522.188 227.598
257 462.779 115.19
258 694.911 330.7
259 172.551 226.309
260 910.431 440.595
261 285.582 417.088
262 790.959 833.913
263 216.715 855.924
264 263.504 531.273
265 60.974 228.137
266 478.111 568.315
267 98.103 776.74
268 655.909 103.169
269 601.34 809.618
270 366.058 607.809
271 885.055 512.614
272 261.659 430.104
273 596.788 37.52
274 19.656 561.352
275 830.005 929.84
276 688.007 879.865
277 426.634 581.67
278 70.723 724.012
279 718.175 478.218
280 87.867 934.308
281 569.578 845.643
282 385.941 636.818
283 903.865 628.598
284 611.266 632.611
285 716.061 327.216
286 652.234 146.064
287 403.934 418.212
288 221.848 995.586
289 965.888 206.61
290 254.123 643.027
291 225.898 577.987
292 175.68 466.774
293 546.03 386.537
294 135.201 116.379
295 662.93 206.032
296 358.182 54.077
297 14.427 549.312
298 702.229 526.614
299 913.644 57.558
300 39.744 100.016
301 937.291 163.653
302 625.873 931.437
303 452.902 397.567
304 527.523 713.71
305 549.548 545.369
306 671.103 311.03
307 817.122 53.891
308 636.795 246.476
309 891.231 70.833
310 481.015 952.379
311 962.208 617.319
312 705.367 408.326
313 15.424 869.011
314 859.839 733.914
315 88.658 186.198
316 93.77 643.878
317 656.263 11.154
318 405.304 774.012
319 149.191 754.921
320 165.772 541.315
321 34.364 487.901
322 878.764 132.85
323 385.458 686.063
324 651.622 354.737
325 498.634 106.692
326 58.649 382.357
327 834.53 973.764
328 716.687 839.562
329 97.94 293.037
330 847.385 72.323
331 378.981 757.269
332 871.405 152.383
333 724.276 652.561
334 782.22 16.479
335 79.108 685.014
336 190.16 395.066
337 954.398 687.973
338 760.311 392.904
339 573.345 772.623
340 314.716 353.286
341 614.3 342.203
342 267.639 293.3
343 512.925 935.147
344 832.768 843.036
345 901.313 412.219
346 891.449 459.122
347 524.897 502.976
348 300.449 922.714
349 16.866 807.833
350 359.555 92.517
351 601.526 72.37
352 735.612 766.879
353 0.911 974.186
354 943.657 257.731
355 654.45 58.933
356 250.158 728.118
357 132.958 260.226
358 855.41 342.408
359 924.822 207.99
360 378.607 404.255
361 187.247 920.034
362 67.332 370.615
363 575.493 838.643
364 47.196 809.642
365 320.983 343.95
366 718.231 850.861
367 109.239 851.782
368 795.498 762.792
369 656.232 927.513
370 999.263 336.083
371 178.99 421.795
372 597.172 613.808
373 691.301 661.021
374 740.827 208.824
375 451.214 685.545
376 61.625 234.8
377 484.392 405.481
378 837.155 468.885
379 989.884 75.809
380 374.713 203.806
381 390.461 446.199
382 919.693 826.28
383 951.722 710.506
384 806.442 581.247
385 871.619 237.76
386 358.204 143.671
387 661.215 490.1
388 480.866 442.1
389 122.99 737.062
390 900.009 112.309
391 128.681 708.773
392 303.994 190.438
393 407.914 633.127
394 355.338 407.395
395 276.631 594.309
396 748.782 554.417
397 645.088 175.22
398 106.563 41.9
399 635.247 244.174
400 989.292 435.699
