1 844.422 757.954
2 420.572 258.917
3 511.275 404.934
4 783.799 303.313
5 476.597 583.382
6 908.113 504.687
7 281.838 755.804
8 618.369 250.506
9 909.746 982.785
10 810.217 902.166
11 310.148 729.832
12 898.838 683.984
13 472.143 100.701
14 434.172 610.887
15 913.011 966.606
16 477.01 865.31
17 260.492 805.028
18 548.699 14.042
19 719.705 398.824
20 824.845 668.153
21 1.143 493.578
22 867.603 243.911
23 325.204 870.471
24 191.067 567.511
25 238.616 967.54
26 803.179 447.97
27 80.446 320.055
28 507.941 932.834
29 109.058 551.267
30 706.561 547.441
31 814.467 540.284
32 963.839 603.186
33 587.617 444.989
34 596.287 384.901
35 575.651 290.33
36 189.391 186.73
37 612.773 656.659
38 476.531 89.824
39 757.604 876.77
40 923.381 842.46
41 898.173 923.082
42 540.6 391.296
43 705.283 275.634
44 811.629 849.486
45 895.039 589.801
46 949.765 579.695
47 450.563 660.245
48 996.258 916.941
49 793.325 82.373
50 612.783 486.444
51 630.147 845.078
52 243.036 731.489
53 117.134 220.461
54 794.583 332.536
55 815.913 100.608
56 146.358 697.671
57 45.234 573.866
58 910.016 534.198
59 680.589 26.697
60 635.0 606.338
61 575.953 391.209
62 370.14 980.517
63 36.392 21.637
64 961.031 184.972
65 123.895 210.577
66 800.747 936.969
67 22.783 425.619
68 101.5 259.92
69 220.829 646.926
70 350.294 180.318
71 503.637 39.379
72 100.921 988.235
73 199.356 358.555
74 731.598 838.327
75 918.482 169.425
76 672.641 966.549
77 58.051 676.202
78 845.425 342.313
79 250.687 596.791
80 442.314 174.819
81 471.625 409.905
82 569.113 508.6
83 311.446 357.152
84 837.661 250.933
85 560.6 12.436
86 741.574 335.917
87 45.696 280.883
88 240.13 953.129
89 352.226 287.878
90 359.201 946.906
91 633.748 621.077
92 715.619 388.017
93 414.418 650.833
94 1.524 192.31
95 334.402 239.416
96 637.399 378.648
97 875.423 568.151
98 414.406 402.267
99 701.83 418.227
100 662.196 46.78
101 445.352 259.227
102 157.687 527.573
103 487.266 561.405
104 755.485 883.875
105 494.583 312.058
106 466.892 809.046
107 875.016 812.415
108 188.001 999.42
109 633.089 83.467
110 725.554 986.821
111 401.817 678.515
112 316.177 213.525
113 717.324 2.358
114 822.731 528.346
115 97.784 118.904
116 649.265 873.654
117 279.983 978.515
118 100.181 853.938
119 396.696 81.345
120 274.714 452.978
121 792.342 861.36
122 133.421 520.866
123 650.783 347.053
124 871.864 278.41
125 18.574 40.663
126 680.997 558.356
127 946.503 938.439
128 909.851 42.005
129 749.135 701.325
130 655.362 712.358
131 902.71 640.141
132 372.449 537.929
133 207.844 587.126
134 8.897 151.023
135 333.408 789.623
136 718.499 338.256
137 620.538 41.203
138 163.861 981.914
139 289.531 394.792
140 548.484 293.407
141 478.065 239.706
142 48.256 179.587
143 523.05 70.863
144 403.169 328.521
145 414.722 99.4
146 908.658 474.005
147 840.848 976.229
148 343.652 479.087
149 699.595 426.535
150 301.903 734.751
151 894.4 919.689
152 626.742 375.571
153 974.561 638.879
154 65.835 84.67
155 749.87 61.156
156 7.851 393.808
157 519.004 448.544
158 488.619 584.889
159 679.303 423.038
160 368.331 988.459
161 260.917 777.1
162 431.221 358.52
163 63.858 863.579
164 702.004 903.011
165 451.612 676.921
166 118.91 397.954
167 207.232 42.101
168 947.961 215.894
169 146.354 197.97
170 378.032 546.391
171 151.334 988.69
172 982.989 148.402
173 405.907 679.929
174 877.657 495.406
175 917.047 322.46
176 498.441 498.647
177 670.068 201.991
178 609.771 218.773
179 340.22 962.566
180 899.008 818.118
181 35.468 148.367
182 256.882 784.167
183 842.333 582.948
184 718.132 807.055
185 66.359 84.643
186 868.895 39.416
187 225.091 40.632
188 15.285 843.955
189 330.594 160.69
190 148.819 656.084
191 968.598 505.0
192 901.09 502.429
193 573.872 678.571
194 805.11 757.846
195 990.533 746.965
196 905.781 206.105
197 535.416 598.614
198 825.697 482.214
199 791.04 388.569
200 586.388 851.317
201 798.059 656.985
202 0.241 181.969
203 506.858 254.459
204 65.621 859.883
205 942.947 302.805
206 408.073 810.038
207 62.259 640.985
208 127.321 287.088
209 829.941 55.527
210 35.934 417.866
211 491.831 863.325
212 717.189 673.544
213 151.374 986.706
214 411.14 611.771
215 386.683 47.033
216 470.889 151.368
217 32.465 617.4
218 629.966 105.293
219 549.144 346.668
220 383.414 776.42
221 490.32 881.277
222 610.12 467.188
223 632.313 337.865
224 124.324 682.53
225 622.037 788.566
226 127.109 911.783
227 799.341 916.887
228 872.535 681.006
229 810.251 519.007
230 785.489 189.127
231 782.114 444.58
232 756.616 455.47
233 789.559 75.34
234 44.641 934.29
235 486.165 901.071
236 944.783 666.511
237 571.797 215.979
238 93.476 819.394
239 888.772 779.396
240 698.502 420.111
241 305.312 113.445
242 425.97 566.013
243 922.881 935.755
244 415.641 99.211
245 773.819 734.279
246 30.701 446.719
247 686.418 30.134
248 919.282 962.242
249 722.543 78.539
250 70.329 359.253
251 29.378 347.878
252 9.964 974.324
253 819.007 70.518
254 893.435 207.978
255 204.791 673.759
256 938.262 123.188
257 7.185 369.13
258 24.65 604.848
259 859.176 186.992
260 112.391 344.45
261 959.172 130.158
262 966.519 362.24
263 473.37 292.632
264 937.127 958.148
265 635.916 184.046
266 992.952 102.58
267 580.849 156.403
268 897.675 945.678
269 804.39 315.891
270 242.839 754.858
271 291.06 419.785
272 46.256 132.234
273 20.55 77.921
274 73.211 420.232
275 550.777 740.879
276 142.283 422.189
277 636.966 84.556
278 444.811 369.256
279 948.932 57.857
280 408.626 417.225
281 728.181 320.671
282 203.99 293.312
283 470.888 950.268
284 796.517 276.97
285 558.182 688.2
286 795.657 446.164
287 398.777 767.641
288 431.716 247.958
289 453.447 937.105
290 142.567 462.435
291 637.304 483.288
292 203.64 1.843
293 698.992 618.736
294 7.777 298.56
295 768.634 628.92
296 545.208 156.221
297 706.294 471.435
298 678.179 760.09
299 232.363 761.995
300 280.088 984.015
301 120.832 883.718
302 40.547 256.576
303 526.102 581.616
304 396.235 102.032
305 252.608 283.397
306 755.223 908.774
307 595.41 35.451
308 792.236 305.604
309 339.89 530.185
310 249.047 919.978
311 163.555 414.83
312 289.692 519.834
313 573.982 627.14
314 531.376 410.805
315 634.594 403.413
316 778.55 788.177
317 292.254 371.804
318 628.811 157.07
319 697.032 381.428
320 591.062 139.533
321 668.258 354.058
322 472.666 415.107
323 476.715 694.696
324 318.24 652.054
325 60.222 300.185
326 745.21 52.406
327 621.142 25.547
328 471.529 888.545
329 10.11 526.828
330 66.457 867.11
331 686.297 741.954
332 669.008 6.423
333 41.178 620.877
334 999.685 873.147
335 699.686 727.1
336 226.687 751.614
337 287.924 105.46
338 460.895 330.196
339 168.255 421.71
340 897.201 435.27
341 447.292 708.828
342 524.162 129.223
343 910.392 444.124
344 789.338 388.875
345 806.846 389.536
346 220.16 196.195
347 940.035 586.53
348 49.793 388.348
349 234.029 84.657
350 186.756 56.99
351 638.074 173.374
352 610.78 612.507
353 704.924 512.119
354 284.424 877.457
355 353.071 458.294
356 631.879 516.124
357 956.468 954.718
358 929.76 934.076
359 580.96 490.202
360 704.117 215.42
361 265.872 43.807
362 162.858 3.875
363 654.628 140.407
364 786.679 680.504
365 970.676 396.514
366 921.392 453.704
367 339.504 102.339
368 882.832 794.79
369 322.929 455.744
370 325.143 28.829
371 44.353 368.704
372 209.591 524.515
373 187.785 201.622
374 672.668 735.603
375 312.232 859.994
376 254.639 343.94
377 712.48 44.503
378 934.183 72.338
379 460.931 724.605
380 47.469 809.003
381 978.893 460.512
382 118.124 81.477
383 98.73 765.441
384 414.013 919.234
385 440.64 77.143
386 426.936 754.828
387 829.338 39.352
388 180.389 490.013
389 128.085 871.093
390 934.461 319.597
391 434.844 557.054
392 285.506 541.076
393 201.185 296.641
394 441.784 604.67
395 536.165 260.988
396 231.788 118.73
397 783.494 98.901
398 732.885 248.774
399 284.557 736.083
400 659.621 741.922
401 515.283 859.096
402 121.794 645.197
403 118.244 737.283
404 358.905 674.882
405 703.484 660.608
406 221.558 831.8
407 240.136 518.153
408 674.646 233.603
409 628.512 286.831
410 171.382 809.749
411 553.123 327.885
412 585.431 25.286
413 129.823 395.581
414 975.757 510.475
415 76.456 765.041
416 781.444 774.802
417 569.498 695.699
418 213.458 732.561
419 816.174 759.967
420 353.462 591.028
421 628.989 900.81
422 108.014 833.934
423 526.436 358.614
424 455.603 12.635
425 220.074 652.763
426 660.849 494.699
427 953.326 480.915
428 313.944 847.781
429 259.158 604.306
430 703.419 821.696
431 785.369 384.092
432 59.18 38.288
433 726.46 961.691
434 343.165 441.195
435 725.798 657.831
436 260.107 671.585
437 304.902 356.358
438 539.513 732.314
439 151.216 21.987
440 627.83 24.565
441 44.963 225.776
442 653.877 66.545
443 62.406 972.093
444 422.653 892.429
445 216.524 435.213
446 358.035 176.936
447 328.813 986.796
448 747.309 382.668
449 409.284 263.741
450 531.337 735.637
451 686.647 462.65
452 41.939 921.508
453 408.934 390.299
454 3.11 138.227
455 868.853 513.935
456 732.435 148.168
457 330.051 840.137
458 820.659 246.794
459 21.975 806.467
460 168.844 787.681
461 683.659 168.315
462 78.489 927.649
463 597.878 620.51
464 457.512 150.071
465 601.97 252.473
466 805.895 732.719
467 27.267 932.423
468 36.316 89.619
469 292.735 150.809
470 236.145 355.809
471 735.5 404.711
472 269.84 492.313
473 392.593 310.764
474 900.542 550.448
475 977.328 772.912
476 570.499 262.447
477 686.844 455.918
478 721.388 403.779
479 496.005 20.684
480 739.959 34.274
481 680.725 582.004
482 775.918 289.778
483 686.111 207.098
484 529.272 340.28
485 978.455 971.867
486 208.97 566.038
487 329.443 968.538
488 924.526 586.146
489 720.084 681.325
490 353.356 916.362
491 899.454 330.658
492 747.395 9.092
493 816.359 564.869
494 952.307 363.193
495 625.713 323.002
496 782.785 600.703
497 987.471 1.013
498 140.759 43.601
499 125.848 929.385
500 948.608 480.413
501 946.689 818.388
502 778.618 747.282
503 187.655 548.877
504 423.879 949.788
505 173.834 169.859
506 658.862 157.402
507 110.054 503.923
508 796.661 605.046
509 754.754 265.759
510 284.963 428.704
511 990.848 717.918
512 946.254 537.87
513 554.56 990.09
514 189.988 782.59
515 791.514 844.742
516 750.053 155.333
517 661.128 923.703
518 563.285 360.942
519 949.52 561.599
520 411.636 614.133
521 804.125 228.302
522 15.692 529.095
523 941.357 680.258
524 630.908 627.815
525 496.99 730.919
526 249.194 891.754
527 274.473 944.945
528 926.497 77.925
529 448.18 744.036
530 449.654 508.899
531 806.824 704.992
532 958.004 164.486
533 923.559 927.986
534 634.749 940.391
535 252.686 881.787
536 773.479 609.689
537 90.629 30.134
538 10.969 250.558
539 762.352 386.625
540 775.447 625.642
541 389.262 880.147
542 38.417 465.313
543 829.852 126.813
544 710.488 328.116
545 24.301 473.725
546 521.693 41.586
547 565.919 347.434
548 4.493 190.773
549 110.811 540.622
550 43.12 928.133
551 845.062 945.298
552 314.801 905.267
553 984.312 764.731
554 275.083 670.889
555 595.663 404.203
556 306.098 59.848
557 125.382 133.956
558 480.893 641.893
559 764.068 46.714
560 823.76 43.471
561 554.947 744.148
562 631.221 949.679
563 344.698 585.883
564 82.799 559.797
565 813.299 201.605
566 260.965 700.406
567 253.882 259.245
568 935.515 998.543
569 155.198 900.162
570 552.726 38.601
571 585.503 641.55
572 33.796 757.692
573 817.8 71.643
574 648.4 456.547
575 238.721 458.67
576 159.39 333.666
577 655.207 476.486
578 555.92 543.443
579 820.594 343.383
580 812.962 79.987
581 427.733 352.32
582 451.581 833.51
583 512.399 987.247
584 861.461 118.847
585 316.892 22.726
586 733.753 19.201
587 885.939 193.343
588 413.836 62.039
589 311.255 389.515
590 52.231 767.551
591 711.35 357.884
592 835.193 77.422
593 54.006 354.98
594 901.841 756.468
595 672.318 562.736
596 803.766 412.227
597 30.689 802.404
598 190.493 387.659
599 357.609 123.366
600 350.784 177.087
601 616.014 653.434
602 13.647 456.476
603 554.053 871.663
604 496.031 80.45
605 51.724 862.109
606 790.729 858.448
607 262.243 647.997
608 95.718 826.573
609 333.613 955.147
610 471.383 33.068
611 909.056 625.532
612 287.081 36.804
613 376.686 156.861
614 548.28 146.884
615 174.614 920.869
616 640.12 242.581
617 878.896 624.716
618 945.599 482.917
619 887.901 678.444
620 44.169 240.29
621 281.576 170.017
622 238.187 226.04
623 878.344 462.899
624 876.512 137.998
625 564.918 13.468
626 930.301 5.637
627 389.908 801.586
628 999.882 19.51
629 824.085 510.088
630 38.182 777.119
631 111.902 611.474
632 778.325 673.591
633 379.874 26.442
634 436.264 913.694
635 332.923 247.959
636 137.831 510.252
637 533.348 73.048
638 407.758 658.681
639 966.051 431.541
640 436.035 471.134
641 225.033 394.838
642 645.265 397.059
643 581.376 835.582
644 997.968 885.04
645 371.797 21.727
646 611.605 474.551
647 237.017 40.304
648 321.57 798.071
649 964.119 106.66
650 877.639 48.718
651 713.476 26.796
652 421.05 870.231
653 393.108 924.564
654 713.195 604.184
655 161.379 340.496
656 411.096 590.205
657 996.038 283.71
658 503.563 933.448
659 345.421 628.605
660 766.132 630.27
661 753.431 195.693
662 957.338 176.898
663 583.681 296.043
664 634.423 291.11
665 431.213 682.223
666 269.069 727.876
667 346.878 132.156
668 613.129 165.758
669 430.577 398.397
670 76.169 710.77
671 680.824 777.795
672 544.913 553.917
673 169.233 207.464
674 228.249 525.304
675 818.983 356.974
676 881.872 735.878
677 716.447 335.172
678 118.477 962.79
679 854.611 408.868
680 863.218 899.217
681 342.474 501.561
682 331.79 695.158
683 912.167 984.544
684 743.779 305.242
685 880.493 992.62
686 346.526 948.712
687 511.546 964.635
688 995.856 812.942
689 683.437 154.014
690 4.917 595.471
691 704.46 935.538
692 517.12 696.847
693 647.356 204.92
694 644.3 981.721
695 111.185 688.543
696 614.305 375.855
697 793.348 10.486
698 892.412 817.364
699 480.705 108.139
700 452.629 584.253
701 253.883 486.531
702 775.729 922.732
703 561.645 827.242
704 77.933 856.368
705 920.815 168.001
706 827.487 849.566
707 878.659 517.14
708 608.254 208.083
709 708.132 405.017
710 21.169 134.267
711 388.218 885.18
712 564.942 916.257
713 929.484 86.795
714 588.215 334.528
715 506.795 455.525
716 479.943 101.806
717 833.16 490.28
718 644.988 472.679
719 181.018 541.001
720 159.54 852.179
721 831.604 143.639
722 68.844 68.492
723 393.244 953.041
724 556.14 265.527
725 229.649 110.873
726 141.071 811.863
727 138.633 864.062
728 822.998 136.809
729 558.725 7.055
730 862.036 558.277
731 755.34 490.345
732 690.422 931.239
733 559.546 874.705
734 343.045 97.533
735 5.145 226.65
736 838.587 311.495
737 224.616 495.63
738 946.904 508.978
739 340.872 77.502
740 573.667 226.257
741 367.499 381.162
742 758.184 231.629
743 935.892 742.388
744 481.12 880.474
745 359.168 384.34
746 129.369 778.556
747 401.193 500.253
748 470.969 656.182
749 373.938 915.861
750 431.922 359.214
751 400.878 766.296
752 993.057 866.515
753 479.727 291.359
754 445.987 344.016
755 243.532 186.941
756 955.876 499.305
757 109.975 383.907
758 388.717 513.535
759 980.041 976.633
760 565.894 618.092
761 675.629 502.222
762 486.678 314.524
763 683.922 91.895
764 317.145 890.979
765 227.378 967.582
766 984.17 575.383
767 40.436 93.478
768 200.302 326.812
769 113.108 797.211
770 364.155 233.734
771 43.694 382.672
772 4.507 116.491
773 604.646 934.945
774 199.366 741.061
775 197.706 1.495
776 896.538 846.109
777 66.779 177.135
778 234.301 928.321
779 381.929 807.382
780 435.814 381.245
781 765.348 615.761
782 269.318 582.811
783 703.853 827.078
784 677.179 640.747
785 595.902 92.051
786 945.189 714.842
787 272.871 692.351
788 620.817 658.851
789 378.909 573.176
790 660.027 201.656
791 508.012 120.342
792 105.53 911.061
793 124.547 893.267
794 469.799 454.903
795 339.815 416.218
796 377.232 564.983
797 335.593 821.976
798 233.562 248.47
799 480.552 935.081
800 23.916 723.414
801 6.007 404.86
802 764.207 446.079
803 429.489 253.217
804 475.096 228.259
805 283.521 653.294
806 599.447 929.546
807 968.869 522.38
808 87.557 299.903
809 517.805 673.163
810 946.197 155.107
811 36.685 870.036
812 805.164 765.748
813 468.601 677.781
814 411.469 192.052
815 390.894 787.047
816 801.856 961.134
817 887.667 682.085
818 520.912 723.927
819 183.204 923.085
820 712.577 594.486
821 434.042 633.542
822 617.679 898.854
823 570.736 213.377
824 441.379 242.969
825 904.95 843.526
826 555.819 196.392
827 43.542 134.169
828 443.219 674.204
829 223.998 684.52
830 861.949 757.241
831 425.527 645.728
832 988.367 885.412
833 338.15 685.447
834 163.211 557.368
835 356.534 438.146
836 438.899 663.233
837 845.996 468.572
838 146.585 754.154
839 751.643 953.845
840 394.056 463.879
841 540.596 892.123
842 704.217 21.278
843 207.323 853.895
844 585.474 873.908
845 411.399 210.468
846 4.141 996.051
847 136.382 642.969
848 489.709 380.149
849 537.202 78.284
850 970.034 492.737
851 15.29 419.343
852 757.202 312.084
853 745.022 767.363
854 239.121 967.972
855 27.889 863.605
856 512.649 153.379
857 258.393 593.517
858 278.457 838.421
859 219.529 384.061
860 506.813 339.773
861 824.143 263.882
862 88.977 154.785
863 626.945 563.563
864 63.298 993.049
865 479.441 319.437
866 729.162 24.292
867 434.249 664.414
868 962.136 761.638
869 885.159 118.906
870 429.771 31.79
871 271.994 384.297
872 343.821 373.741
873 803.08 189.544
874 824.496 541.921
875 338.745 552.236
876 161.423 495.455
877 21.953 862.975
878 331.581 344.043
879 995.152 613.456
880 417.654 790.657
881 67.665 570.504
882 520.701 861.228
883 586.2 485.272
884 520.226 781.897
885 347.321 557.789
886 707.39 995.555
887 693.684 961.871
888 399.033 608.781
889 745.295 348.416
890 269.175 972.833
891 348.534 999.903
892 852.271 216.068
893 828.219 983.627
894 276.82 664.454
895 769.589 83.282
896 819.332 308.361
897 706.382 950.138
898 35.109 611.713
899 292.405 114.659
900 711.855 979.047
901 512.711 346.344
902 449.09 414.618
903 531.902 409.176
904 80.372 979.428
905 996.707 174.135
906 241.04 436.956
907 698.733 31.345
908 835.498 638.433
909 269.294 870.867
910 661.209 316.924
911 547.846 979.238
912 48.433 708.462
913 849.414 692.317
914 140.018 597.15
915 785.955 418.596
916 582.428 253.468
917 312.749 808.57
918 489.498 448.812
919 122.884 374.471
920 520.721 231.012
921 807.936 383.701
922 238.49 308.297
923 824.464 904.143
924 960.298 15.194
925 753.894 525.484
926 124.56 246.534
927 281.691 404.217
928 470.721 936.789
929 58.355 709.169
930 854.106 357.3
931 249.217 221.308
932 300.839 145.298
933 551.678 250.4
934 27.252 232.633
935 820.632 417.37
936 883.536 943.616
937 243.348 559.972
938 881.067 581.42
939 168.0 247.953
940 987.625 299.387
941 867.703 795.012
942 741.985 721.942
943 789.982 847.408
944 62.366 167.81
945 505.529 212.49
946 533.218 493.182
947 126.771 85.961
948 11.653 825.036
949 81.742 961.565
950 983.832 745.696
951 450.383 275.788
952 412.452 345.293
953 396.295 726.196
954 892.526 157.715
955 242.671 209.897
956 45.346 854.201
957 511.276 67.035
958 446.255 450.611
959 777.956 761.397
960 134.489 626.876
961 509.686 13.492
962 147.736 666.848
963 367.026 963.685
964 501.75 688.283
965 133.618 479.448
966 734.121 833.482
967 199.607 396.907
968 473.527 440.372
969 475.442 295.9
970 808.721 913.078
971 349.001 637.86
972 380.706 578.752
973 695.539 501.516
974 674.582 757.146
975 843.296 188.81
976 216.385 514.371
977 509.657 807.725
978 517.383 900.052
979 777.603 506.316
980 826.326 475.856
981 341.715 433.423
982 456.208 650.532
983 52.157 729.509
984 968.233 458.818
985 68.772 201.256
986 103.214 256.354
987 793.907 1.049
988 873.579 939.547
989 185.003 173.586
990 965.763 360.38
991 811.776 9.011
992 990.792 16.49
993 607.571 928.45
994 831.261 310.403
995 822.08 393.048
996 499.806 363.278
997 354.718 582.075
998 782.068 699.491
999 768.078 14.273
1000 531.693 352.789
