1 324.233 308.38
2 17.183 562.305
3 392.072 632.266
4 969.532 250.005
5 975.421 666.283
6 783.716 803.666
7 593.266 998.997
8 319.401 935.276
9 116.842 661.419
10 585.042 741.05
11 470.607 921.736
12 784.122 550.426
13 611.776 213.419
14 972.893 965.004
15 764.815 316.482
16 447.629 212.737
17 560.81 697.943
18 328.857 725.426
19 428.954 651.971
20 49.509 798.343
21 288.703 676.342
22 296.881 337.262
23 622.521 834.788
24 783.18 505.602
25 471.642 334.3
26 834.055 472.488
27 852.141 94.719
28 284.51 88.019
29 520.244 801.676
30 65.419 692.683
31 547.819 566.436
32 135.463 582.189
33 692.876 463.308
34 105.185 412.913
35 83.307 453.291
36 39.436 986.669
37 21.206 649.473
38 667.523 262.075
39 633.949 277.583
40 191.938 618.137
41 903.591 959.556
42 173.348 359.584
43 846.377 806.209
44 550.807 684.106
45 591.78 174.242
46 99.59 340.527
47 518.603 527.63
48 148.749 913.203
49 810.25 100.861
50 258.635 693.078
51 367.522 917.858
52 134.849 572.207
53 192.084 984.561
54 64.485 473.538
55 835.369 112.945
56 262.21 78.588
57 372.657 755.863
58 271.911 980.11
59 119.971 182.252
60 536.999 991.8
61 609.914 86.016
62 87.309 172.923
63 980.095 101.66
64 290.224 921.75
65 826.609 556.059
66 935.416 116.635
67 299.145 447.353
68 595.026 847.602
69 453.074 690.626
70 708.484 842.482
71 143.592 570.705
72 136.621 263.705
73 498.731 681.032
74 488.848 272.509
75 969.292 355.134
76 260.296 305.927
77 328.493 958.843
78 156.892 764.479
79 243.557 469.707
80 995.459 788.937
81 994.388 400.779
82 250.931 475.332
83 471.268 903.168
84 331.918 460.692
85 186.792 682.885
86 601.214 740.35
87 985.029 258.795
88 383.668 989.069
89 769.416 766.908
90 770.969 169.646
91 452.611 282.593
92 85.955 263.974
93 740.309 684.365
94 779.643 939.239
95 747.771 677.633
96 783.903 389.363
97 530.264 707.101
98 320.974 586.403
99 957.067 724.496
100 437.56 56.215
101 788.773 465.732
102 623.761 806.454
103 968.031 283.372
104 599.21 391.082
105 634.302 775.215
106 384.758 787.121
107 624.25 334.936
108 787.106 481.775
109 573.514 998.355
110 993.722 699.378
111 114.519 571.329
112 369.537 536.932
113 537.629 67.651
114 532.548 435.128
115 268.181 882.843
116 82.376 280.318
117 395.131 313.637
118 689.119 199.36
119 706.464 432.739
120 77.423 562.785
121 562.735 890.977
122 861.592 758.534
123 977.204 830.843
124 671.799 911.289
125 258.471 58.168
126 836.983 898.023
127 881.393 693.676
128 417.151 966.63
129 374.49 367.708
130 975.075 44.33
131 11.804 43.019
132 812.374 66.056
133 643.02 367.74
134 639.673 432.562
135 594.278 388.124
136 551.996 638.196
137 824.5 165.858
138 193.163 600.126
139 389.624 941.713
140 617.175 257.966
141 528.525 656.544
142 193.018 53.889
143 118.392 896.862
144 508.857 338.592
145 860.315 144.492
146 476.713 452.59
147 690.912 344.659
148 558.726 814.194
149 333.633 241.261
150 882.54 651.807
151 37.053 256.848
152 312.034 862.044
153 640.412 751.727
154 393.888 695.292
155 87.882 179.457
156 806.623 901.054
157 611.597 564.513
158 904.994 769.11
159 322.51 887.228
160 949.905 721.896
161 968.285 776.744
162 96.931 348.013
163 554.412 31.564
164 518.693 841.067
165 588.967 517.149
166 330.661 543.693
167 683.566 55.242
168 301.91 327.41
169 444.93 122.3
170 419.228 846.345
171 633.695 464.541
172 279.218 157.172
173 157.451 951.309
174 129.018 676.08
175 92.974 26.895
176 661.484 613.949
177 608.55 897.02
178 564.473 808.23
179 19.583 30.097
180 535.162 734.16
181 105.064 42.287
182 16.476 896.541
183 277.955 710.571
184 443.925 521.572
185 832.926 991.714
186 818.059 616.768
187 413.506 221.615
188 105.736 500.273
189 154.862 310.825
190 247.116 672.311
191 279.917 11.824
192 510.479 216.624
193 642.139 16.759
194 66.101 55.96
195 357.867 566.338
196 90.626 869.664
197 580.659 556.434
198 43.35 747.204
199 856.334 599.404
200 418.71 134.674
201 11.548 947.299
202 3.711 304.62
203 938.327 203.502
204 523.272 173.255
205 651.022 206.413
206 522.872 615.195
207 708.136 82.53
208 759.453 665.276
209 468.148 298.499
210 332.217 567.184
211 479.218 228.528
212 821.319 433.502
213 523.763 14.943
214 43.286 850.475
215 464.183 47.208
216 449.678 370.304
217 104.921 642.222
218 771.847 557.338
219 372.61 262.629
220 100.192 167.302
221 940.902 910.147
222 757.949 372.683
223 375.42 415.192
224 226.344 573.931
225 572.139 772.389
226 198.097 297.488
227 198.046 558.375
228 371.187 928.645
229 720.284 496.761
230 127.922 631.127
231 596.784 422.52
232 683.144 909.037
233 140.182 681.027
234 298.145 29.198
235 892.67 697.074
236 435.143 394.624
237 258.374 107.239
238 787.381 72.656
239 261.238 717.885
240 906.56 998.728
241 21.088 403.435
242 237.623 388.695
243 14.697 186.263
244 506.419 901.147
245 555.165 553.796
246 157.845 988.906
247 388.233 414.845
248 305.836 495.429
249 153.643 698.78
250 583.216 220.456
251 975.589 757.959
252 94.643 608.409
253 237.262 744.313
254 785.125 433.095
255 444.758 670.67
256 104.395 394.355
257 505.341 28.521
258 336.584 259.943
259 488.946 161.563
260 948.882 720.122
261 528.336 822.354
262 435.16 47.247
263 703.667 211.354
264 550.733 160.335
265 371.657 416.898
266 957.645 689.864
267 700.452 123.385
268 574.422 456.888
269 196.056 101.791
270 499.739 934.709
271 524.919 725.689
272 644.771 16.532
273 17.3 546.681
274 475.003 108.446
275 276.519 206.363
276 421.378 396.611
277 211.16 929.821
278 799.597 357.331
279 730.8 515.828
280 400.104 957.126
281 374.073 125.071
282 47.912 859.365
283 696.148 584.623
284 368.634 631.682
285 997.142 645.739
286 631.758 935.44
287 533.962 746.594
288 89.629 489.123
289 43.997 222.68
290 600.214 256.68
291 950.235 265.6
292 251.868 538.101
293 763.447 480.706
294 214.804 632.469
295 673.128 431.061
296 489.461 975.543
297 117.586 443.39
298 560.982 625.844
299 337.873 581.155
300 47.458 358.389
